-81.36611 40.1921899
-83.6837499 38.9729061
-83.1764199 38.8238399
-80.71262 41.0195099
-83.03742 39.49133
-76.8389348 42.9024431
-81.83466 39.44659
-83.94235 38.05722
-82.54524 39.99168
-81.16451 39.6701
-80.7366251 41.3657575
-80.86133 40.72708
-81.00417 40.01277
-83.62598 39.57204
-83.5206382 38.7885684
-81.8102375 40.4106447
-81.6177699 40.60737
-81.93104 40.25096
-83.9442174 38.8633636
-82.8539044 38.6219727
-82.7506651 40.0121807
-80.9032746 40.3944386
-80.72174 40.47544
-81.03645 40.05033
-81.10112 40.9356
-83.0913846 39.3747927
-81.08687 40.8965262
-80.62364 40.36632
-81.8497351 39.5943432
-83.83148 38.9188
-83.820976 39.3574401
-82.8711004 39.3197389
-81.8336939 40.4124772
-83.0060993 39.3706631
-104.4508096 42.7583135
-82.3585388 39.5078246
-83.0460499 39.92439
-83.71659 39.05099
-82.67519 39.47894
-82.95844 39.0599599
-81.90141 39.19536
-82.12476 40.37202
-82.7537694 39.8320285
-82.4601 39.24913
-83.2286309 39.0169928
-83.253853 38.7124442
-83.01293 39.54613
-82.1529304 39.4235854
-81.2410922 40.6136331
-82.0082148 40.5727458
-81.8666148 38.9977014
-81.62624 39.35411
-81.94013 40.39938
-81.5267655 39.4288328
-81.07991 40.63495
-83.662582 39.3047656
-83.09039 39.34489
-81.9897647 40.4765394
-81.0165096 39.863745
-80.8637336 40.7383803
-82.73343 39.4234
-83.42873 38.96859
-83.2622154 38.7324357
-82.79736 38.87303
-80.9446813 40.5224573
-83.5114434 38.7056681
-82.81947 39.6992199
-83.0599283 39.4966806
-82.75645 39.97988
-82.55094 39.0034
-81.31868 40.45699
-82.92206 39.54891
-84.0586735 38.8882557
-81.6115838 39.2876451
-83.4260133 39.539236
-81.848584 38.958846
-83.3005688 39.3411116
-81.865557 40.1095785
-84.03369 39.17787
-82.31103 40.23321
-83.83826 39.1334
-81.94307 39.43078
-80.65338 41.14577
-82.63132 39.75231
-82.8072695 39.4498188
-81.2497652 39.8223523
-81.23575 40.27172
-82.4491703 40.0156868
-82.97348 39.65966
-80.685199 41.3890649
-83.3957206 39.5252673
-84.2286 39.25656
-81.28912 40.38574
-82.77167 39.49966
-82.77582 39.63889
-81.4216299 40.0305
-82.06493 39.41691
-81.2784594 39.7785855
-80.74372 41.09803
-81.1371177 41.1552982
-81.7389 40.54629
-82.97542 39.75056
-83.7314107 38.7686102
-80.5982558 40.7768295
-81.5540214 39.3476887
-82.6822 39.03038
-82.0786624 39.5912892
-83.1728005 39.3043092
-80.9968356 39.6525549
-83.05225 39.84405
-81.1458631 40.4053773
-82.84125 39.93861
-84.2146968 39.12922
-82.3353105 39.0686915
-81.95084 39.51421
-81.2444869 39.985915
-83.6186125 39.1967704
-83.77582 39.33953
-81.74616 40.71207
-84.08054 38.81288
-80.61219 40.94013
-80.5832 41.19937
-82.3831227 39.2698863
-81.3693399 40.99458
-83.5637104 39.0430793
-83.126227 39.1580571
-81.14276 33.99217
-82.31431 40.3525
-81.79545 40.40766
-81.43565 40.80624
-81.73623 40.61977
-82.88457 39.88236
-91.929 38.86014
-81.45426 39.5805099
-82.10342 39.97412
-80.61519 41.13628
-81.49349 40.3807062
-81.9225015 39.2239411
-84.1019134 38.8711554
-81.67803 40.13345
-82.29786 38.7093599
-82.08304 39.45121
-82.5100205 39.3762034
-83.33432 39.03245
-82.5663854 38.4060729
-81.59866 39.33859
-81.90337 40.0879
-82.640795 38.5804908
-84.09154 38.9968
-82.8858337 39.1933354
-80.99549 41.14031
-81.8643209 39.0880441
-82.09177 39.92955
-81.1063099 40.7733599
-82.15171 40.01678
-81.16261 40.83143
-80.5259089 40.7932517
-81.95736 40.62742
-81.9152548 39.0938038
-82.22632 40.22167
-81.29492 40.81937
-80.54419 40.90985
-80.7473368 39.9841085
-80.77159 40.24519
-82.22991 39.31505
-81.3347381 39.6836178
-82.04806 39.514
-81.54237 40.83867
-82.87093 39.57162
-81.89007 40.21933
-80.6180399 41.36208
-82.13879 39.98464
-80.975282 40.026684
-81.50745 40.71054
-83.0299409 38.8033351