-9.576772514223588 4.401973176903059
-5.864978872660727 7.216440011310738
-8.071595741623103 9.322811163505353
0.799770439452633 -6.29727907679497
-3.739878040103431 -5.773817663047922
3.4457845799161326 -4.792834014443333
9.418503710668876 2.519147461254361
-0.3503187016726521 -2.6646574816602335
-3.819319076203125 -1.5459341814704235
-7.991927699206043 -4.029133499229065
-8.495993333809048 -9.558381769630206
1.1045848566843368 8.132842450272346
-0.6473111007249361 -2.221989438483549
-2.751739388533019 8.564675582629409
5.633025338128434 -3.2071855965353135
8.225160908486508 1.5079940843791562
-0.5580534951994487 1.9747058488340326
3.1370254439559915 4.478691825488353
-0.021878319114085443 -2.1918726315078585
0.8578690620346556 -1.1496009546087436
