37.04733315512283 -78.06097711980843
38.29524788446575 -76.08727031427647
37.88342772095803 -78.5277874431247
37.875124895078194 -78.54007192531493
38.07439271612937 -80.2250933993327
37.85270726520736 -77.72315385953328
37.78545437560664 -78.31280900475193
38.17568719183505 -79.10720551984662
38.13002164950775 -80.9744468130535
38.09764062858583 -79.37951154178353
37.748921941744804 -77.9401797115996
37.59365909784378 -77.31571853347468
35.693972537140205 -80.28446839659036
38.08435610718635 -77.69858489515282
38.29441760187423 -76.08931772797
37.90169393788305 -77.88489954172898
37.187650912447225 -82.5898562213169
38.2230132993336 -79.81561065958057
37.46164416639333 -83.84901564600524
35.702275363014145 -77.51022283485403
38.20640764757982 -78.17972711432375
38.27366053718644 -80.63048131166869
37.97891021854075 -77.31162370608763
36.060957440912155 -77.84804609515827
37.72899515963674 -76.49265822661246
38.19810482169999 -79.41841240204776
37.20591712937814 -78.01388660474102
37.76884872385287 -76.51517977729941
36.44288743126073 -80.15548133357834
36.03189755033863 -77.92380040199322
38.18232945253184 -77.37304611703881
38.09099836788314 -77.00041682388648