40.1921899 -81.36611
38.9729061 -83.6837499
38.8238399 -83.1764199
41.0195099 -80.71262
39.49133 -83.03742
42.9024431 -76.8389348
39.44659 -81.83466
38.05722 -83.94235
39.99168 -82.54524
39.6701 -81.16451
41.3657575 -80.7366251
40.72708 -80.86133
40.01277 -81.00417
39.57204 -83.62598
38.7885684 -83.5206382
40.4106447 -81.8102375
40.60737 -81.6177699
40.25096 -81.93104
38.8633636 -83.9442174
38.6219727 -82.8539044
40.0121807 -82.7506651
40.3944386 -80.9032746
40.47544 -80.72174
40.05033 -81.03645
40.9356 -81.10112
39.3747927 -83.0913846
40.8965262 -81.08687
40.36632 -80.62364
39.5943432 -81.8497351
38.9188 -83.83148
39.3574401 -83.820976
39.3197389 -82.8711004
40.4124772 -81.8336939
39.3706631 -83.0060993
42.7583135 -104.4508096
39.5078246 -82.3585388
39.92439 -83.0460499
39.05099 -83.71659
39.47894 -82.67519
39.0599599 -82.95844
39.19536 -81.90141
40.37202 -82.12476
39.8320285 -82.7537694
39.24913 -82.4601
39.0169928 -83.2286309
38.7124442 -83.253853
39.54613 -83.01293
39.4235854 -82.1529304
40.6136331 -81.2410922
40.5727458 -82.0082148
38.9977014 -81.8666148
39.35411 -81.62624
40.39938 -81.94013
39.4288328 -81.5267655
40.63495 -81.07991
39.3047656 -83.662582
39.34489 -83.09039
40.4765394 -81.9897647
39.863745 -81.0165096
40.7383803 -80.8637336
39.4234 -82.73343
38.96859 -83.42873
38.7324357 -83.2622154
38.87303 -82.79736
40.5224573 -80.9446813
38.7056681 -83.5114434
39.6992199 -82.81947
39.4966806 -83.0599283
39.97988 -82.75645
39.0034 -82.55094
40.45699 -81.31868
39.54891 -82.92206
38.8882557 -84.0586735
39.2876451 -81.6115838
39.539236 -83.4260133
38.958846 -81.848584
39.3411116 -83.3005688
40.1095785 -81.865557
39.17787 -84.03369
40.23321 -82.31103
39.1334 -83.83826
39.43078 -81.94307
41.14577 -80.65338
39.75231 -82.63132
39.4498188 -82.8072695
39.8223523 -81.2497652
40.27172 -81.23575
40.0156868 -82.4491703
39.65966 -82.97348
41.3890649 -80.685199
39.5252673 -83.3957206
39.25656 -84.2286
40.38574 -81.28912
39.49966 -82.77167
39.63889 -82.77582
40.0305 -81.4216299
39.41691 -82.06493
39.7785855 -81.2784594
41.09803 -80.74372
41.1552982 -81.1371177
40.54629 -81.7389
39.75056 -82.97542
38.7686102 -83.7314107
40.7768295 -80.5982558
39.3476887 -81.5540214
39.03038 -82.6822
39.5912892 -82.0786624
39.3043092 -83.1728005
39.6525549 -80.9968356
39.84405 -83.05225
40.4053773 -81.1458631
39.93861 -82.84125
39.12922 -84.2146968
39.0686915 -82.3353105
39.51421 -81.95084
39.985915 -81.2444869
39.1967704 -83.6186125
39.33953 -83.77582
40.71207 -81.74616
38.81288 -84.08054
40.94013 -80.61219
41.19937 -80.5832
39.2698863 -82.3831227
40.99458 -81.3693399
39.0430793 -83.5637104
39.1580571 -83.126227
33.99217 -81.14276
40.3525 -82.31431
40.40766 -81.79545
40.80624 -81.43565
40.61977 -81.73623
39.88236 -82.88457
38.86014 -91.929
39.5805099 -81.45426
39.97412 -82.10342
41.13628 -80.61519
40.3807062 -81.49349
39.2239411 -81.9225015
38.8711554 -84.1019134
40.13345 -81.67803
38.7093599 -82.29786
39.45121 -82.08304
39.3762034 -82.5100205
39.03245 -83.33432
38.4060729 -82.5663854
39.33859 -81.59866
40.0879 -81.90337
38.5804908 -82.640795
38.9968 -84.09154
39.1933354 -82.8858337
41.14031 -80.99549
39.0880441 -81.8643209
39.92955 -82.09177
40.7733599 -81.1063099
40.01678 -82.15171
40.83143 -81.16261
40.7932517 -80.5259089
40.62742 -81.95736
39.0938038 -81.9152548
40.22167 -82.22632
40.81937 -81.29492
40.90985 -80.54419
39.9841085 -80.7473368
40.24519 -80.77159
39.31505 -82.22991
39.6836178 -81.3347381
39.514 -82.04806
40.83867 -81.54237
39.57162 -82.87093
40.21933 -81.89007
41.36208 -80.6180399
39.98464 -82.13879
40.026684 -80.975282
40.71054 -81.50745
38.8033351 -83.0299409
