37.549289 -77.452276
37.550792 -77.451312
37.550296 -77.452504
37.550286 -77.45251
37.550526 -77.453333
37.550259 -77.452111
37.550178 -77.452399
37.550648 -77.452787
37.550593 -77.453699
37.550554 -77.45292
37.550134 -77.452217
37.549947 -77.451912
37.547659 -77.453362
37.550538 -77.452099
37.550791 -77.451313
37.550318 -77.45219
37.549458 -77.454488
37.550705 -77.453133
37.549788 -77.455103
37.547669 -77.452007
37.550685 -77.452334
37.550766 -77.453531
37.550411 -77.45191
37.548101 -77.452172
37.55011 -77.45151
37.550675 -77.452939
37.54948 -77.452253
37.550158 -77.451521
37.548561 -77.453299
37.548066 -77.452209
37.550656 -77.45194
37.550546 -77.451758
