37.87959 -122.268964
37.865588 -122.258371
37.879975 -122.26953
37.868576 -122.258642
37.871566 -122.268621
37.865873 -122.258397
37.869431 -122.266368
37.869786 -122.267645
37.868233 -122.267499
37.86713 -122.258677
37.866378 -122.268315
37.873421 -122.268832
37.870905 -122.268601
37.870418 -122.266083
37.879872 -122.269479
37.869697 -122.251915
37.868744 -122.257138
37.877997 -122.269337
37.869682 -122.268415
37.866686 -122.258589
37.870291 -122.267111
37.866206 -122.267248
37.880681 -122.26902
37.865467 -122.258885
37.865545 -122.267929
37.870211 -122.267659
37.86951 -122.268192
37.869852 -122.255152
37.868235 -122.259536
37.873467 -122.266472
37.869771 -122.266004
37.867087 -122.2674
37.870305 -122.26607
37.865664 -122.258402
37.863703 -122.258426
37.867904 -122.256584
37.864714 -122.258825
37.866237 -122.268306
37.867338 -122.258701
37.869272 -122.267647
37.878624 -122.268572
37.87182 -122.268995
37.872561 -122.266539
37.872592 -122.267133
37.880803 -122.269158
37.875132 -122.269016
37.875929 -122.269135
37.871924 -122.267508
37.871156 -122.267391
37.868436 -122.267416
37.868522 -122.25934
37.863494 -122.267636
37.864998 -122.267521
37.869101 -122.268417
37.866526 -122.26717
37.868346 -122.258942
37.865304 -122.267892
37.871353 -122.267928
37.87232 -122.268693
37.871358 -122.268089
37.871618 -122.267999
37.872421 -122.268746
37.868066 -122.258085
37.876438 -122.26908
37.865306 -122.259089
37.878213 -122.269424
37.864656 -122.266837
37.868065 -122.259295
37.864031 -122.258241
37.867061 -122.268132
37.864839 -122.258748
37.870441 -122.267027
37.87129 -122.268615
37.879759 -122.268988
37.875547 -122.260052
37.872493 -122.266784
37.879856 -122.26898
37.869035 -122.254384
37.863353 -122.258992
37.871749 -122.269657
37.878115 -122.269388
37.867985 -122.259285
37.868604 -122.258527
37.873249 -122.268753
37.866583 -122.258917
37.869154 -122.254792
37.86369 -122.258984
37.865242 -122.267145
37.868114 -122.258237
37.880216 -122.268381
37.876754 -122.268588
37.869431 -122.266827
37.867069 -122.25928
37.86704 -122.266193
37.865275 -122.25821
37.876679 -122.269189
37.865043 -122.258228
37.8715 -122.268534
37.875191 -122.26038
37.8644 -122.2677
37.867788 -122.257398
37.86856 -122.259378
37.868284 -122.260696
37.867536 -122.258851
37.872023 -122.26717
37.878206 -122.269517
37.863956 -122.258951
37.872481 -122.267515
37.872308 -122.26913
37.868654 -122.258311
37.868867 -122.268218
37.879914 -122.268418
37.867699 -122.257945
37.867404 -122.268155
37.874151 -122.268362
37.868327 -122.258989
37.864895 -122.258901
37.868696 -122.257013
37.875482 -122.260379
37.879855 -122.26892
37.878729 -122.268841
37.86456 -122.267781
37.870182 -122.266055
37.86977 -122.268337
37.868975 -122.268197
37.880228 -122.268466
37.872514 -122.267452
37.875623 -122.260037
37.877911 -122.269297
37.880463 -122.268875
37.865924 -122.258037
37.87036 -122.266522
37.867274 -122.258719
37.863287 -122.267787
37.871726 -122.269825
37.863913 -122.258999
37.880179 -122.268855
37.868725 -122.257582
37.867935 -122.259604
37.870377 -122.26632
37.867657 -122.258776
37.87988 -122.268866
37.878112 -122.2687
37.86601 -122.267114
37.870052 -122.266029
37.868755 -122.266882
37.87583 -122.260025
37.871434 -122.268039
37.871459 -122.268597
37.863808 -122.267704
37.867889 -122.259861
37.868607 -122.258747
37.868278 -122.260661
37.867043 -122.256056
37.86802 -122.258471
37.870259 -122.267342
37.871683 -122.267481
37.868671 -122.267432
37.872142 -122.2699
37.870357 -122.266429
37.864391 -122.267753
37.867828 -122.257443
37.867028 -122.25933
37.876914 -122.269202
37.864001 -122.25888
37.863623 -122.25838
37.876169 -122.269096
37.875369 -122.260313
37.872794 -122.268836
37.872468 -122.268224
37.868353 -122.26018
37.865329 -122.258685
37.866734 -122.258898
37.878594 -122.268814
37.867801 -122.257464
37.875234 -122.269038
37.875648 -122.26052
37.880154 -122.268541
37.865381 -122.258736
37.868959 -122.267603
37.879879 -122.26896
37.868764 -122.267544
37.868633 -122.258729
37.866788 -122.258902
37.871959 -122.268083
37.876821 -122.269164
37.871652 -122.268533
37.87553 -122.26025
37.87164 -122.267963
37.867619 -122.259566
37.863849 -122.258844
37.876402 -122.269151
37.867941 -122.259235
37.864937 -122.258772
37.868098 -122.259405
37.868103 -122.266262
37.880526 -122.268514
37.879902 -122.26851
37.864828 -122.258249
37.872525 -122.268658
