38.2562 -82.43781
42.14033 -78.19781
38.45811 -81.7676
40.1921899 -81.36611
36.72087 -82.98347
38.262043 -82.7021778
40.04717 -79.08202
39.25846 -79.53355
40.53679 -78.95377
38.9729061 -83.6837499
40.80644 -79.63196
38.60423 -80.94483
39.3013703 -80.9868315
38.8238399 -83.1764199
39.23531 -77.19309
39.9994661 -79.806193
42.11299 -78.4722199
41.0195099 -80.71262
41.5097345 -77.3037343
36.67064 -77.34222
39.49133 -83.03742
38.12607 -81.26089
41.11387 -78.97004
40.2139503 -76.8645281
40.17163 -77.36835
42.61173 -78.41817
42.9024431 -76.8389348
39.44659 -81.83466
38.05722 -83.94235
39.99168 -82.54524
39.8414803 -80.0739973
36.51531 -82.79407
38.6375872 -77.5475179
39.6701 -81.16451
41.50111 -79.82681
38.77035 -77.9154
37.300351 -82.7103387
39.0126 -76.68597
38.8938599 -80.48477
38.3274785 -83.4879452
37.8259872 -77.2222456
36.58324 -82.38551
41.3657575 -80.7366251
38.3591741 -77.5642902
40.72708 -80.86133
38.98769 -77.10928
37.58164 -77.53935
37.8418643 -79.3733587
40.01277 -81.00417
38.2621124 -84.9137836
38.7733208 -78.6791771
38.87609 -76.92653
38.175891 -77.2383886
39.57204 -83.62598
37.31418 -80.20179
42.64565 -77.45951
40.4957669 -78.6632575
38.6144 -76.88966
38.01023 -77.19052
38.7885684 -83.5206382
36.577147 -81.8401281
40.4106447 -81.8102375
40.60737 -81.6177699
39.0180465 -80.2791343
40.5127807 -79.2723511
42.4634177 -77.8264095
40.25096 -81.93104
38.8633636 -83.9442174
38.8701775 -76.5105254
37.27015 -79.86236
37.75471 -81.22747
42.00593 -78.35718
37.13692 -80.4800099
38.6219727 -82.8539044
37.61033 -77.50793
40.032486 -80.510253
40.56042 -77.37252
38.09711 -77.75464
39.98207 -78.09383
38.2634031 -78.0350686
38.5870015 -78.5796659
36.92156 -79.83946
40.62812 -77.13446
37.221694 -83.2790917
37.5766373 -77.9930349
36.72932 -76.85435
39.98257 -79.11966
38.0113454 -77.9074649
40.0121807 -82.7506651
40.3944386 -80.9032746
36.7571253 -78.7895459
41.0477343 -76.5712572
39.09779 -77.29759
37.3053968 -81.1898501
40.4713566 -78.7028937
39.49242 -79.9860999
36.5941956 -77.2414653
41.91444 -79.06893
39.4049354 -81.1824508
40.47544 -80.72174
40.05033 -81.03645
37.64884 -79.94666
37.3606945 -77.5182364
37.2230483 -80.0691535
37.7030747 -77.0465886
39.6630669 -78.2535041
41.1503615 -77.1641717
37.858281 -84.948529
37.9612002 -78.3548
39.3509473 -78.7829859
40.03084 -76.49105
39.63782 -77.50073
36.53035 -76.94346
40.9356 -81.10112
40.58083 -80.02084
37.2080066 -77.1909712
39.5505 -77.76221
39.3747927 -83.0913846
41.2594554 -76.9688625
42.6066168 -77.9404155
37.0864345 -80.1464929
41.58196 -77.1844799
38.8374 -77.46093
38.2814823 -83.9183255
42.66816 -78.1140999
39.3569699 -77.74529
39.0514179 -79.0638691
41.3155872 -79.4784149
37.0916329 -82.106031
37.0233452 -84.6547574
40.1283462 -78.4075203
36.5463071 -82.363886
40.9746701 -77.8444437
37.03266 -77.08819
40.8965262 -81.08687
40.64994 -77.38346
40.34344 -77.6403799
40.36632 -80.62364
33.29211 -97.1157999
39.5943432 -81.8497351
35.2809711 -83.3816152
37.143243 -82.3893133
40.96847 -78.96814
40.90209 -79.5908199
38.8103399 -80.6874
41.18909 -78.59566
37.1655242 -79.8745065
39.2942371 -80.4296796
38.4494885 -76.8254598
38.9188 -83.83148
40.6175799 -79.45232
39.3574401 -83.820976
37.40433 -78.96344
39.0641236 -80.2753866
37.7796154 -84.8615922
38.82441 -80.65438
39.3197389 -82.8711004
39.0867614 -80.2817159
40.4124772 -81.8336939
40.7989 -78.45762
40.1449608 -79.3712846
39.1336468 -76.7743793
39.0486794 -78.2629856
36.96945 -79.23531
40.4031421 -80.3543701
40.30422 -79.78955
40.756795 -79.9218523
41.0152133 -80.1012723
39.3706631 -83.0060993
-34.775 150.69296
43.1071787 -77.6974332
38.3682548 -77.762634
38.43892 -78.01406
42.7583135 -104.4508096
42.5512044 -78.5443035
36.85561 -80.54807
37.20926 -79.38418
37.59291 -77.5939099
39.91727 -77.02862
37.5863615 -76.9529681
40.07194 -76.82687
40.2206199 -79.06905
40.4774 -76.57355
38.1381563 -81.9772218
38.3458947 -82.8397166
39.5078246 -82.3585388
39.92439 -83.0460499
39.05099 -83.71659
39.4935828 -78.0459264
37.0793799 -77.1547661
37.0439437 -77.1323679
41.16659 -77.76679
38.11359 -78.11544
39.6604103 -77.718302
43.61926 -95.5758863
38.7821165 -80.2768883
41.66951 -80.00668
39.78859 -78.25368
37.85961 -80.27804
39.47894 -82.67519
42.6414168 -77.8256138
39.0599599 -82.95844
40.30544 -79.86342
45.7449258 -87.1359583
38.1072599 -84.58395
39.19536 -81.90141
40.37202 -82.12476
38.9818595 -80.0854002
37.16639 -79.23168
39.9795406 -79.6519913
40.2556301 -79.1571319
37.2635585 -80.4447936
38.3021699 -79.08629
37.0751771 -84.3916913
38.09228 -77.80864
37.6847862 -77.6241677
36.6810013 -81.3348491
40.72213 -76.47577
36.60568 -77.14524
33.7177281 -96.9953064
39.9943488 -78.8532231
39.8320285 -82.7537694
40.61332 -79.14231
44.93024 7.53042
39.24913 -82.4601
41.0747837 -79.7184596
38.89016 -84.43153
41.47816 -79.84615
38.8796398 -78.8655541
39.0169928 -83.2286309
38.7124442 -83.253853
41.43922 -79.95453
41.02694 -78.88302
38.28371 -79.23721
36.7700699 -83.98711
39.70766 -78.10758
38.512682 -84.7229597
37.6219671 -82.2437541
39.22533 -77.73579
41.5070839 -80.2007614
39.69883 -78.97781
42.00613 -79.63631
37.322618 -77.9273844
39.54613 -83.01293
39.4235854 -82.1529304
40.6136331 -81.2410922
40.74873 -80.49052
40.5727458 -82.0082148
40.0636186 -77.5890424
40.8150772 -78.8504997
42.08645 -78.35905
38.44213 -77.1223
42.87493 -77.79489
42.5156 -77.92135
38.9977014 -81.8666148
40.79346 -77.9059
38.35076 -76.78373
37.04574 -77.4419999
42.3036653 -78.1356749
39.35411 -81.62624
39.37606 -76.70165
36.51435 -76.59353
39.6551199 -79.70731
36.5504903 -77.0061707
42.07397 -79.46408
38.6944862 -78.6495043
41.2936305 -79.3451389
39.0564249 -80.518778
37.0663315 -84.1997542
40.92629 -77.00967
39.40884 -77.02091
40.39938 -81.94013
37.5338346 -82.5918684
39.4288328 -81.5267655
38.07474 -78.91959
40.29281 -77.26922
36.75089 -76.69727
36.81761 -76.68777
42.26404 -77.83823
39.9433999 -76.68211
38.19966 -79.04321
38.6751339 -76.879417
38.20302 -78.6548399
37.45785 -76.67089
38.91612 -78.24418
38.9971143 -78.8356381
36.9292999 -77.0355168
38.45397 -81.98004
39.80187 -77.07963
39.9854 -79.46857
38.29422 -81.65817
40.63495 -81.07991
42.4602236 -77.5224578
39.84761 -76.47038
38.30286 -83.00756
37.2245463 -78.2463298
38.2766342 -77.2743552
38.10836 -78.0145299
39.08916 -77.79588
39.39389 -79.74673
37.9224671 -84.6166786
40.62606 -77.00421
40.3512565 -83.680389
39.180452 -77.8311106
40.0467446 -79.9975396
39.4006575 -78.1139347
37.864439 -81.4673206
39.3047656 -83.662582
39.34489 -83.09039
38.79251 -77.76837
39.0851916 -84.4671343
37.9687 -80.7699
39.7284342 -77.8777817
39.05455 -78.0174399
40.15832 -77.17497
40.9246 -77.25722
38.3213431 -84.5068309
38.8070736 -76.7707485
36.8392661 -78.5240195
37.2294327 -79.0037305
40.4765394 -81.9897647
40.52714 -76.9588799
38.9221544 -79.0876404
39.863745 -81.0165096
37.92549 -78.40396
40.60516 -77.07634
40.39225 -76.4178
40.7383803 -80.8637336
36.8107899 -81.5750029
37.97766 -78.41302
38.34279 -84.8977
36.57755 -79.39484
40.60151 -79.04942
37.97101 -78.34591
42.7777699 -78.05098
37.1469332 -80.5449817
39.4234 -82.73343
37.3156783 -77.2750338
38.96859 -83.42873
38.12592 -81.02245
37.07321 -79.50397
42.7698993 -78.4345785
37.9431737 -84.7728443
40.49468 -79.52657
36.5011151 -84.5682472
38.0143649 -84.7976754
38.5253167 -78.8750711
36.7420199 -81.6568999
38.7324357 -83.2622154
39.07492 -77.28948
38.9964299 -76.92962
40.70326 -79.11295
37.2254159 -82.8429475
37.635053 -84.8497897
38.3327898 -84.8707429
39.7403633 -77.5942673
38.7126499 -77.79387
41.12527 -77.54172
40.2639 -77.32808
38.4461357 -81.6759048
38.7941999 -76.90567
38.01348 -81.39576
42.5694213 -78.0804683
38.87303 -82.79736
37.44662 -80.75649
39.94794 -77.42178
40.5224573 -80.9446813
40.9122 -76.6122
38.7056681 -83.5114434
37.695199 -82.7441915
36.9436738 -79.0844056
39.6992199 -82.81947
40.22125 -79.61146
38.4257624 -84.7716393
39.4966806 -83.0599283
41.9688333 -78.8617319
38.16955 -79.17129
36.65894 -79.47587
38.79885 -80.66085
36.96188 -76.5477499
41.3226445 -76.8101742
39.871326 -77.362289
39.20338 -78.29454
41.62855 -79.52581
41.5154272 -78.4511099
37.62467 -76.97656
40.60707 -77.14157
39.97988 -82.75645
39.0034 -82.55094
42.31871 -78.86004
38.14635 -82.43553
38.7685036 -77.316151
38.4883825 -81.6694355
40.45699 -81.31868
39.54891 -82.92206
38.8882557 -84.0586735
39.91966 -76.47756
38.11361 -79.09927
39.2876451 -81.6115838
41.1251455 -79.4626181
39.48428 -77.1598999
38.2440699 -84.8423797
39.539236 -83.4260133
41.9388999 -78.67541
38.958846 -81.848584
39.3411116 -83.3005688
36.9661451 -82.6246944
41.4785611 -80.4918195
40.1095785 -81.865557
36.9390141 -81.1975661
38.0912414 -77.4170774
38.18171 -77.81238
39.17787 -84.03369
36.579327 -77.9911302
34.7037308 -90.358937
40.2657 -78.2967667
40.23321 -82.31103
39.1334 -83.83826
39.43078 -81.94307
40.35111 -78.37991
42.65516 -77.94283
41.0496013 -80.2262321
38.79449 -76.6864
40.7409859 -78.4537494
37.1406589 -82.0120534
41.14577 -80.65338
38.22107 -82.54658
37.35918 -77.39453
41.3538115 -80.5000296
38.53127 -78.19275
37.8402535 -77.6582241
42.53783 -77.8101
37.35355 -78.65636
39.75231 -82.63132
39.5234693 -78.0522116
37.13582 -76.53835
37.54781 -77.24652
37.4028084 -77.5836573
39.84528 -80.2340399
39.8305192 -78.6547297
37.2468451 -76.6471979
36.6259 -76.8436
39.4498188 -82.8072695
39.5458 -76.82101
42.17659 -78.27966
37.49597 -77.50483
39.8223523 -81.2497652
36.6885109 -82.9440549
40.27172 -81.23575
37.6825613 -83.9484817
37.32663 -77.19933
38.34248 -77.05117
37.8260723 -76.686088
38.77971 -80.50139
38.1703141 -83.4233865
38.0571 -80.41061
41.0745196 -79.5937273
40.4543899 -78.38329
36.66201 -81.65174
40.0156868 -82.4491703
40.60221 -80.36395
39.65966 -82.97348
41.3890649 -80.685199
36.5936263 -77.0328982
41.6836062 -80.1626576
40.28694 -79.60593
42.19582 -79.08954
41.5566113 -80.4164974
41.95707 -79.06774
36.7561298 -78.8006509
40.63826 -76.50967
39.5252673 -83.3957206
40.95653 -80.30182
39.25656 -84.2286
39.58542 -79.66472
42.91834 -78.2159
40.75452 -78.48942
40.38574 -81.28912
37.8247865 -84.5419011
39.07394 -81.25734
41.77454 -79.9830999
36.6726628 -77.7204703
39.8201026 -78.5155873
36.54414 -80.85872
39.49966 -82.77167
39.0722279 -81.7381912
36.5181858 -79.2967801
39.63889 -82.77582
38.05326 -79.7837799
40.0305 -81.4216299
38.81176 -76.93606
38.96736 -81.62984
39.41691 -82.06493
37.72159 -80.36357
39.90976 -76.84101
37.7500701 -78.3436976
39.26529 -76.53828
42.1028947 -78.4999034
39.7785855 -81.2784594
42.47013 -78.19819
36.55997 -79.49081
41.09803 -80.74372
36.7580936 -78.0716119
41.1552982 -81.1371177
42.869121 -77.4784007
40.54629 -81.7389
39.5991946 -80.2317735
39.9912 -79.1618
37.14824 -77.81678
40.35499 -77.02318
39.662058 -77.1730177
38.37292 -77.50764
38.9490893 -84.3906818
39.75056 -82.97542
38.7686102 -83.7314107
40.7768295 -80.5982558
42.088873 -77.8786751
39.24716 -77.15963
41.07888 -80.44085
41.40535 -80.4221
37.70202 -84.58002
36.7025469 -80.2688401
42.03923 -77.9406
37.5036478 -82.0657258
39.95161 -80.21372
40.2295142 -79.0550582
37.35986 -84.29868
42.2488699 -77.72809
37.3240312 -84.6512382
36.6183821 -82.0825171
39.5633 -79.2275499
41.36043 -79.75
36.7941182 -83.9177124
37.0551699 -77.71432
39.06104 -77.21115
37.3623541 -83.9751209
43.6096574 -111.1028882
36.7498 -81.5390199
38.30945 -82.50885
37.5985245 -82.3165136
39.3476887 -81.5540214
39.03038 -82.6822
36.54851 -82.16185
39.5912892 -82.0786624
39.01649 -80.4776
42.53756 -77.62475
41.3334672 -77.0587035
40.0864285 -78.8513892
39.3043092 -83.1728005
40.2750671 -78.3893433
37.4943652 -82.3169586
39.6525549 -80.9968356
36.5390299 -81.05884
39.84405 -83.05225
40.5295885 -76.8248602
40.4053773 -81.1458631
39.63477 -79.96787
39.93861 -82.84125
40.1573379 -77.1955686
38.85992 -78.3433699
41.4605712 -80.3702768
39.18309 -78.24818
37.0102079 -84.2600383
39.22471 -76.90826
36.86486 -80.1884
39.9035782 -77.523984
39.12922 -84.2146968
37.25667 -79.03352
42.2482484 -78.7862281
39.9298009 -78.9532051
40.05475 -78.02048
38.9866 -79.96028
39.0686915 -82.3353105
38.2498 -77.51445
39.97151 -78.0467
40.9430696 -77.6589751
39.90298 -79.70498
37.2436099 -79.81788
37.7215 -80.64206
38.00206 -78.3854099
39.91743 -77.19454
39.4800423 -76.6160562
42.351781 -77.5773195
38.2382414 -77.9473607
39.51421 -81.95084
39.0865329 -77.4759399
42.30131 -78.63232
38.2789012 -84.0587124
40.86506 -78.61273
39.985915 -81.2444869
37.15676 -83.57003
37.3289199 -79.90154
37.07638 -84.95922
40.39088 -76.43377
38.1578297 -76.9998659
38.8485469 -81.7338983
38.1787599 -82.08183
39.1967704 -83.6186125
36.95441 -82.82281
39.33953 -83.77582
41.78902 -77.17341
41.3421499 -79.74267
40.3153099 -77.28483
39.02024 -77.21426
41.2814993 -80.2950043
37.5894143 -84.5464599
39.4314595 -77.9542541
36.96201 -82.51742
40.71207 -81.74616
46.91049 -67.82558
40.33453 -79.44758
38.81288 -84.08054
38.5678859 -83.9440842
41.21799 -78.32443
39.4801733 -77.2426224
42.81297 -78.05764
40.94013 -80.61219
41.19937 -80.5832
37.8041399 -77.59142
39.24334 -76.50987
38.51921 -78.76358
37.34599 -80.12863
39.5088 -80.5133
38.4945 -78.85086
41.8922 -79.90298
39.2698863 -82.3831227
40.99458 -81.3693399
41.7528291 -79.7585288
37.99269 -79.2642
37.4659965 -77.6770127
39.0430793 -83.5637104
36.85468 -80.5143
37.60194 -77.6050099
37.27828 -80.6889
37.78465 -80.30629
39.1580571 -83.126227
38.2817053 -77.3752363
42.16527 -78.15013
38.5467 -121.74458
37.08782 -79.20795
38.11386 -78.89275
38.40224 -84.31371
37.2007814 -84.4041319
37.4511773 -82.5704203
38.1492 -81.16924
40.1535207 -77.7658063
37.0736094 -84.1703029
37.9939152 -76.4796466
36.755 -81.06898
38.9531483 -77.6759365
37.8611704 -78.8339496
40.72382 -77.29318
33.99217 -81.14276
40.3525 -82.31431
40.0554487 -77.5693237
38.88704 -84.7825
37.7521414 -80.4534947
39.29428 -80.93497
40.40766 -81.79545
36.549726 -80.2578628
40.80624 -81.43565
41.37682 -78.90407
39.3239541 -79.4058124
40.13352 -77.88351
36.5557735 -82.1564878
39.3234 -79.50593
36.9698093 -77.9029649
38.8487099 -77.74206
42.00002 -78.26663
39.00002 -76.752
41.6588 -79.98703
37.0626026 -76.488996
40.61977 -81.73623
37.2264399 -79.14005
40.0291688 -80.0198716
39.88236 -82.88457
41.3953599 -79.60385
38.8295699 -84.84257
37.88617 -77.70623
39.0565779 -78.815351
38.58995 -78.51392
38.1452288 -81.0955031
39.78527 -78.06902
38.43897 -76.8158
40.14797 -76.92331
39.5605113 -80.3342718
37.7558 -79.80873
40.43957 -77.24161
38.82419 -78.69426
42.56416 -78.7176999
41.098 -76.91494
41.0553 -78.57731
40.83913 -77.5642
38.86014 -91.929
39.5805099 -81.45426
38.28709 -76.90431
37.793375 -77.7520751
38.19696 -77.99316
38.84273 -78.3603399
42.61961 -78.23735
41.4437406 -80.0121617
39.97412 -82.10342
37.4122 -78.92113
38.68697 -77.23693
37.4940118 -76.4818566
41.13628 -80.61519
36.8043748 -76.7745586
37.4402761 -76.634743
37.70595 -77.74054
39.91863 -79.03964
40.0190045 -80.653136
42.2416399 -77.491
39.1933 -77.13772
36.6655478 -77.2236488
39.9199854 -77.736484
36.5159499 -83.04695
42.05116 -77.37493
39.87744 -77.21876
36.53122 -87.35992
36.95502 -77.53742
41.28985 -80.18513
40.963 -80.31346
40.61242 -76.82936
36.5513929 -76.9599299
38.8775101 -78.0323501
37.1233 -80.47528
37.3426219 -77.8793343
41.02355 -79.20435
40.7741 -77.86125
39.59971 -79.58442
38.79963 -79.32072
37.3916973 -78.3218911
40.3807062 -81.49349
34.74037 -88.9351806
37.2354874 -82.1849269
39.2239411 -81.9225015
38.8711554 -84.1019134
40.13345 -81.67803
37.2636783 -79.7793377
38.7093599 -82.29786
40.08912 -77.31461
38.9617999 -77.29852
41.9032 -79.6272
42.5086 -77.58398
38.14491 -76.70818
37.1260852 -81.5209163
39.45121 -82.08304
39.6371972 -78.2644683
39.3762034 -82.5100205
37.64663 -76.49874
39.03245 -83.33432
38.4060729 -82.5663854
36.91224 -76.56672
38.33899 -84.73815
39.33859 -81.59866
38.67273 -76.6493
40.0879 -81.90337
38.01765 -81.40977
36.6163989 -78.1169955
38.5804908 -82.640795
38.66354 -77.95764
38.9968 -84.09154
38.7581 -77.59444
39.1933354 -82.8858337
39.5843212 -77.4551231
39.4748306 -80.2338958
37.64953 -81.01106
40.95422 -76.95539
37.3275083 -78.3354948
37.4153501 -81.5874846
41.14031 -80.99549
39.0880441 -81.8643209
40.61491 -76.95389
39.92955 -82.09177
39.70933 -76.62262
40.7733599 -81.1063099
36.5955921 -77.5932004
40.01678 -82.15171
37.2881429 -80.1491826
42.4881699 -78.8842
40.83143 -81.16261
40.7932517 -80.5259089
40.6220577 -77.7211889
36.5290212 -79.1665774
37.4641003 -82.5791297
40.62742 -81.95736
39.0938038 -81.9152548
38.43157 -77.54009
41.36096 -78.48905
41.94089 -77.58181
36.61577 -77.02462
37.3546 -76.71652
40.22167 -82.22632
39.67438 -78.06366
39.17175 -76.5117099
42.94619 -77.92109
40.81937 -81.29492
40.90985 -80.54419
36.6518317 -80.6349933
40.95997 -78.91658
40.10495 -78.02059
38.96403 -77.25312
38.5894199 -76.60784
37.29651 -76.96553
42.4413247 -78.3315882
39.9841085 -80.7473368
37.9580399 -77.63709
36.52564 -80.76755
37.0587442 -79.8576446
38.37296 -78.10343
39.4159267 -79.9337541
38.4409841 -86.9557538
38.1524866 -77.4297485
37.879304 -79.1451355
41.37833 -77.54574
40.55682 -77.2380699
36.7306488 -84.1566117
40.895777 -77.7597931
40.5499099 -78.0855799
38.07566 -81.6034899
38.1117 -81.77454
40.24519 -80.77159
38.2646009 -77.1786853
40.15683 -77.24422
40.77806 -78.5536
40.3452139 -79.9546716
38.1734743 -77.0836256
37.84277 -77.46317
37.13685 -77.46988
38.6654 -80.54078
40.7871024 -78.9403409
41.29139 -78.56228
39.23351 -77.9420899
38.4021607 -82.3358364
38.4478874 -84.6356611
39.0520776 -84.5914306
40.0258899 -76.66744
38.88314 -77.08451
43.12657 -77.7809
40.70089 -77.0591199
39.6089399 -77.07312
42.18287 -79.33398
41.47489 -79.69099
53.38311 -1.46455
36.97451 -79.91137
38.6385619 -77.2431328
39.31505 -82.22991
42.8845863 -77.80199
39.6836178 -81.3347381
39.36743 -79.2886599
39.514 -82.04806
40.83867 -81.54237
39.57162 -82.87093
40.21933 -81.89007
41.18989 -76.54589
40.8824064 -77.5535973
37.1900982 -77.5188767
36.61764 -81.14513
41.7267524 -79.6698266
40.87821 -76.90734
38.29545 -78.90397
36.67356 -76.7891
41.36208 -80.6180399
38.76291 -76.9586099
39.98464 -82.13879
36.79871 -81.1753899
42.3684851 -77.5569694
39.3679776 -80.2599329
40.026684 -80.975282
40.71054 -81.50745
36.6963081 -78.06828
38.9689301 -77.9675415
38.8033351 -83.0299409
41.7248222 -80.1621372
39.27569 -77.13134
41.3098961 -77.3634087
38.20437 -82.44554
36.6981967 -81.0500549
40.4015069 -78.7422415
42.5259797 -77.9388681
40.2694718 -79.1275855
39.02175 -77.33086
37.364125 -81.2017043
