40.754932 -73.984016
36.148375 -86.808745
36.146172 -86.808582
36.145368 -86.809236
36.148579 -86.80905
36.14898 -86.805943
36.146051 -86.808525
36.139454 -86.800023
36.14606 -86.79954
36.144731 -86.806367
36.148227 -86.808191
36.145698 -86.798767
36.148304 -86.808023
36.147589 -86.80754
36.149571 -86.796855
36.139397 -86.802546
36.14753 -86.80767
36.141397 -86.801669
36.146199 -86.798958
36.139806 -86.803651
36.147115 -86.79887
36.146132 -86.809187
36.141471 -86.800968
36.147386 -86.806613
36.148322 -86.807508
36.146246 -86.80884
36.146017 -86.799056
36.148122 -86.800371
36.142632 -86.801731
36.141481 -86.802782
36.148261 -86.808139
36.142497 -86.797661
36.148254 -86.808917
36.141794 -86.797168
36.147954 -86.798118
36.139389 -86.802461
36.141841 -86.804872
36.147236 -86.796093
36.144922 -86.804915
36.148287 -86.808084
36.14851 -86.808484
36.14986 -86.796347
36.141804 -86.804544
36.148383 -86.80613
36.144844 -86.806816
36.148369 -86.806186
36.141277 -86.800907
36.144972 -86.797142
36.140911 -86.801883
36.14331 -86.809025
36.139906 -86.808922
36.148987 -86.805127
36.139363 -86.802414
36.147692 -86.807633
36.146205 -86.803901
36.147516 -86.799441
36.141831 -86.804763
36.145685 -86.799174
36.149133 -86.798283
36.149896 -86.805956
36.149816 -86.806438
36.141392 -86.801991
36.139497 -86.801559
36.144569 -86.800038
36.148583 -86.808968
36.148214 -86.808263
36.148148 -86.798323
36.147544 -86.807885
36.14474 -86.796354
36.142008 -86.800932
36.149508 -86.805402
36.149283 -86.798077
36.14904 -86.805132
36.141324 -86.801783
36.149305 -86.798111
36.147693 -86.807633
36.148176 -86.808832
36.14009 -86.807983
36.147398 -86.808089
36.148202 -86.80844
36.149552 -86.806346
36.148227 -86.808367
36.148231 -86.798874
36.143375 -86.809113
36.146184 -86.808796
36.147347 -86.808162
36.14828 -86.808247
36.14261 -86.80657
35.909808 -79.048278
35.906965 -79.0458
35.903966 -79.049361
35.906078 -79.045552
35.905276 -79.050912
35.905747 -79.049328
35.909087 -79.044556
35.904447 -79.049771
35.907011 -79.051373
35.90705 -79.05227
35.909636 -79.048228
35.909637 -79.048224
35.909821 -79.048304
35.909993 -79.047554
35.905413 -79.05129
35.90605 -79.045252
37.87959 -122.268964
37.865588 -122.258371
37.879975 -122.26953
37.868576 -122.258642
37.871566 -122.268621
37.865873 -122.258397
37.869431 -122.266368
37.869786 -122.267645
37.868233 -122.267499
37.86713 -122.258677
37.866378 -122.268315
37.873421 -122.268832
37.870905 -122.268601
37.870418 -122.266083
37.879872 -122.269479
37.869697 -122.251915
37.868744 -122.257138
37.877997 -122.269337
37.869682 -122.268415
37.866686 -122.258589
37.870291 -122.267111
37.866206 -122.267248
37.880681 -122.26902
37.865467 -122.258885
37.865545 -122.267929
37.870211 -122.267659
37.86951 -122.268192
37.869852 -122.255152
37.868235 -122.259536
37.873467 -122.266472
37.869771 -122.266004
37.867087 -122.2674
37.870305 -122.26607
37.865664 -122.258402
37.863703 -122.258426
37.867904 -122.256584
37.864714 -122.258825
37.866237 -122.268306
37.867338 -122.258701
37.869272 -122.267647
37.878624 -122.268572
37.87182 -122.268995
37.872561 -122.266539
37.872592 -122.267133
37.880803 -122.269158
37.875132 -122.269016
37.875929 -122.269135
37.871924 -122.267508
37.871156 -122.267391
37.868436 -122.267416
37.868522 -122.25934
37.863494 -122.267636
37.864998 -122.267521
37.869101 -122.268417
37.866526 -122.26717
37.868346 -122.258942
37.865304 -122.267892
37.871353 -122.267928
37.87232 -122.268693
37.871358 -122.268089
37.871618 -122.267999
37.872421 -122.268746
37.868066 -122.258085
37.876438 -122.26908
37.865306 -122.259089
37.878213 -122.269424
37.864656 -122.266837
37.868065 -122.259295
37.864031 -122.258241
37.867061 -122.268132
37.864839 -122.258748
37.870441 -122.267027
37.87129 -122.268615
37.879759 -122.268988
37.875547 -122.260052
37.872493 -122.266784
37.879856 -122.26898
37.869035 -122.254384
37.863353 -122.258992
37.871749 -122.269657
37.878115 -122.269388
37.867985 -122.259285
37.868604 -122.258527
37.873249 -122.268753
37.866583 -122.258917
37.869154 -122.254792
37.86369 -122.258984
37.865242 -122.267145
37.868114 -122.258237
37.880216 -122.268381
37.876754 -122.268588
37.869431 -122.266827
37.867069 -122.25928
37.86704 -122.266193
37.865275 -122.25821
37.876679 -122.269189
37.865043 -122.258228
37.8715 -122.268534
37.875191 -122.26038
37.8644 -122.2677
37.867788 -122.257398
37.86856 -122.259378
37.868284 -122.260696
37.867536 -122.258851
37.872023 -122.26717
37.878206 -122.269517
37.863956 -122.258951
37.872481 -122.267515
37.872308 -122.26913
37.868654 -122.258311
37.868867 -122.268218
37.879914 -122.268418
37.867699 -122.257945
37.867404 -122.268155
37.874151 -122.268362
37.868327 -122.258989
37.864895 -122.258901
37.868696 -122.257013
37.875482 -122.260379
37.879855 -122.26892
37.878729 -122.268841
37.86456 -122.267781
37.870182 -122.266055
37.86977 -122.268337
37.868975 -122.268197
37.880228 -122.268466
37.872514 -122.267452
37.875623 -122.260037
37.877911 -122.269297
37.880463 -122.268875
37.865924 -122.258037
37.87036 -122.266522
37.867274 -122.258719
37.863287 -122.267787
37.871726 -122.269825
37.863913 -122.258999
37.880179 -122.268855
37.868725 -122.257582
37.867935 -122.259604
37.870377 -122.26632
37.867657 -122.258776
37.87988 -122.268866
37.878112 -122.2687
37.86601 -122.267114
37.870052 -122.266029
37.868755 -122.266882
37.87583 -122.260025
37.871434 -122.268039
37.871459 -122.268597
37.863808 -122.267704
37.867889 -122.259861
37.868607 -122.258747
37.868278 -122.260661
37.867043 -122.256056
37.86802 -122.258471
37.870259 -122.267342
37.871683 -122.267481
37.868671 -122.267432
37.872142 -122.2699
37.870357 -122.266429
37.864391 -122.267753
37.867828 -122.257443
37.867028 -122.25933
37.876914 -122.269202
37.864001 -122.25888
37.863623 -122.25838
37.876169 -122.269096
37.875369 -122.260313
37.872794 -122.268836
37.872468 -122.268224
37.868353 -122.26018
37.865329 -122.258685
37.866734 -122.258898
37.878594 -122.268814
37.867801 -122.257464
37.875234 -122.269038
37.875648 -122.26052
37.880154 -122.268541
37.865381 -122.258736
37.868959 -122.267603
37.879879 -122.26896
37.868764 -122.267544
37.868633 -122.258729
37.866788 -122.258902
37.871959 -122.268083
37.876821 -122.269164
37.871652 -122.268533
37.87553 -122.26025
37.87164 -122.267963
37.867619 -122.259566
37.863849 -122.258844
37.876402 -122.269151
37.867941 -122.259235
37.864937 -122.258772
37.868098 -122.259405
37.868103 -122.266262
37.880526 -122.268514
37.879902 -122.26851
37.864828 -122.258249
37.872525 -122.268658
39.901202 -75.171979
39.904218 -75.169313
39.905013 -75.167462
39.901605 -75.163951
39.909386 -75.164557
39.904504 -75.169505
39.909127 -75.174015
39.90259 -75.163886
39.909381 -75.164489
39.909553 -75.177721
39.909182 -75.162272
39.901163 -75.171971
39.902471 -75.16358
39.900657 -75.171997
39.897444 -75.175321
39.893922 -75.174766
39.901797 -75.172042
39.908539 -75.17682
39.900377 -75.168071
39.896621 -75.175426
39.904332 -75.169246
39.895977 -75.17406
39.901411 -75.172334
39.908932 -75.175002
39.904258 -75.164755
39.901213 -75.172101
39.90845 -75.161358
39.901655 -75.172702
39.909311 -75.175014
42.279204 -83.748951
42.278196 -83.74578
42.28031 -83.747801
42.284682 -83.745071
42.287238 -83.741701
42.28061 -83.746903
42.280103 -83.740518
42.279201 -83.748262
42.274307 -83.734832
42.277659 -83.742645
42.278082 -83.74104
42.279533 -83.741035
42.279667 -83.741049
42.282994 -83.735418
42.278402 -83.748448
42.278702 -83.748891
42.279462 -83.74044
42.283908 -83.746361
42.279529 -83.744275
42.278711 -83.748856
42.280377 -83.74942
42.279399 -83.748923
42.27489 -83.734363
42.278745 -83.749029
42.279638 -83.746347
42.274865 -83.73488
42.279199 -83.745193
42.282857 -83.746881
42.280955 -83.748915
42.280647 -83.749275
42.281646 -83.744222
42.279547 -83.743338
42.278809 -83.73975
42.281035 -83.748958
42.279812 -83.748306
42.278365 -83.742219
42.278842 -83.740026
42.274584 -83.732906
42.279433 -83.74776
42.279593 -83.743863
42.278626 -83.741028
42.278754 -83.740986
42.278904 -83.740026
42.282364 -83.737048
42.280587 -83.747063
42.27488 -83.734053
42.284384 -83.74612
42.279462 -83.744545
42.279739 -83.748751
42.278346 -83.741576
42.28296 -83.748744
42.279282 -83.740521
42.275172 -83.735278
42.279048 -83.748921
42.280341 -83.74888
42.279754 -83.749387
42.285732 -83.744627
42.279687 -83.740475
42.275178 -83.732302
42.271986 -83.742137
42.275147 -83.734288
42.278268 -83.748481
42.279205 -83.748245
42.283022 -83.746664
42.275257 -83.741532
42.280534 -83.746328
42.279533 -83.742636
42.274854 -83.733321
42.279275 -83.748224
42.273301 -83.748416
42.281456 -83.741495
42.2716 -83.741701
42.27961 -83.743373
42.279464 -83.748815
42.279563 -83.742771
42.278769 -83.748487
42.282578 -83.746965
42.280108 -83.748872
42.275712 -83.737159
42.282817 -83.747406
42.274726 -83.733287
42.282954 -83.748835
42.273602 -83.748672
42.277945 -83.741742
42.279422 -83.749435
42.275125 -83.735658
42.279789 -83.740494
42.28035 -83.749351
42.278172 -83.741048
42.277732 -83.747856
42.274881 -83.734189
42.282538 -83.748769
42.273136 -83.738739
42.277422 -83.74911
42.279758 -83.749318
42.273325 -83.746203
42.269657 -83.739877
42.279669 -83.746946
42.280045 -83.748275
42.279733 -83.747492
42.271567 -83.740792
42.277695 -83.742448
42.274875 -83.733476
42.280207 -83.74892
42.279539 -83.743089
42.275189 -83.732448
42.279862 -83.736752
42.28093 -83.748879
42.273833 -83.749329
42.273863 -83.728564
42.280201 -83.748442
42.280164 -83.742188
42.278618 -83.74892
42.275173 -83.734103
42.271682 -83.741049
42.280007 -83.748809
42.279863 -83.747577
42.279537 -83.743232
42.279681 -83.748009
42.282809 -83.748695
42.274266 -83.735555
42.284308 -83.746096
42.277964 -83.741209
42.27815 -83.741092
42.277958 -83.741272
42.279532 -83.742713
42.271454 -83.740794
42.27514 -83.732601
42.279164 -83.741005
42.275146 -83.734433
42.283366 -83.746252
42.279081 -83.748248
42.280886 -83.743721
42.271734 -83.740853
42.283631 -83.746124
42.274456 -83.735386
42.277935 -83.741223
42.277651 -83.742252
42.280316 -83.747554
42.279696 -83.746792
42.278872 -83.740959
42.278518 -83.740996
42.279245 -83.742572
42.284347 -83.746127
42.278936 -83.741004
42.279779 -83.740586
42.274838 -83.734805
42.27518 -83.732142
42.278774 -83.740316
42.279602 -83.747067
42.282784 -83.746949
42.278206 -83.742225
42.279226 -83.741027
42.274412 -83.748906
42.271601 -83.740882
42.279095 -83.745873
42.284336 -83.746863
42.284413 -83.746298
42.274567 -83.73555
42.282325 -83.746912
42.270402 -83.740377
42.275145 -83.734356
42.283106 -83.748584
42.278236 -83.742255
42.279438 -83.749329
42.274451 -83.734417
42.279926 -83.74827
42.279873 -83.748404
42.280327 -83.748073
42.278023 -83.740983
42.270785 -83.740803
42.279082 -83.739812
42.279369 -83.748235
42.283376 -83.746063
42.282705 -83.74707
42.280155 -83.748834
42.279691 -83.748178
42.280515 -83.743481
42.278493 -83.748296
42.279125 -83.74082
42.283813 -83.74748
42.273965 -83.735536
42.279715 -83.747099
42.274827 -83.735162
42.279215 -83.749043
42.273959 -83.749028
42.275148 -83.734212
42.279946 -83.747049
42.279836 -83.748972
42.279647 -83.745598
42.27486 -83.735376
42.283009 -83.735328
42.275908 -83.749099
42.283959 -83.747414
42.281593 -83.748926
42.275162 -83.734922
42.274241 -83.734272
42.27889 -83.742378
42.277968 -83.740927
42.284355 -83.746184
42.363787 -71.101401
42.363086 -71.092481
42.363512 -71.099367
42.363526 -71.100977
42.365567 -71.103708
42.36607 -71.090719
42.368736 -71.094952
42.366522 -71.091356
42.3646 -71.104169
42.36371 -71.087332
42.367984 -71.102153
42.362012 -71.099988
42.362568 -71.099634
42.361953 -71.099916
42.365866 -71.0929
42.362816 -71.087851
42.363437 -71.091471
42.360892 -71.09668
42.363472 -71.098486
42.366649 -71.105392
42.366635 -71.090992
42.363451 -71.083066
42.362259 -71.087288
42.362997 -71.098509
42.36905 -71.100962
42.364184 -71.102038
42.365916 -71.092948
42.363408 -71.097165
42.366625 -71.090853
42.36361 -71.100012
42.362158 -71.085561
42.364082 -71.101888
42.368224 -71.097809
42.363562 -71.100957
42.363153 -71.092961
42.366613 -71.105194
42.36259 -71.098608
42.364746 -71.083348
42.364383 -71.083432
42.365925 -71.090894
42.365645 -71.103732
42.36606 -71.10513
42.364699 -71.105783
42.363424 -71.097318
42.366111 -71.105626
42.361826 -71.09727
42.362752 -71.086503
42.362498 -71.098363
42.366299 -71.092027
42.360986 -71.096849
42.364672 -71.102871
42.364918 -71.102311
42.363516 -71.083362
42.365492 -71.103461
42.366413 -71.10508
42.365227 -71.08246
42.358984 -71.094832
42.365916 -71.10497
42.364156 -71.102924
42.364226 -71.102868
42.3634 -71.100847
42.365406 -71.104758
42.363805 -71.101411
42.362557 -71.085682
42.36401 -71.100864
42.364694 -71.102923
42.363666 -71.10123
42.365023 -71.103714
42.36307 -71.096877
42.364105 -71.102071
42.365007 -71.102464
42.361747 -71.097096
42.365052 -71.092644
42.363522 -71.087359
42.366348 -71.094153
42.365858 -71.103502
42.366421 -71.090803
42.366735 -71.092661
42.363099 -71.09718
42.363624 -71.099937
42.362833 -71.104481
42.366614 -71.090858
42.363028 -71.088778
42.353906 -71.105302
42.363576 -71.099546
42.361777 -71.097253
42.364401 -71.102393
42.366396 -71.094188
42.363386 -71.08285
42.364331 -71.102308
42.366263 -71.095563
42.36542 -71.104618
42.364953 -71.10251
42.359041 -71.094677
42.365368 -71.10331
42.367289 -71.090204
42.3608 -71.101439
42.365018 -71.104258
42.364462 -71.102668
42.36511 -71.101634
42.364914 -71.102347
42.364994 -71.102371
42.365805 -71.104899
42.36304 -71.085777
42.365893 -71.091829
42.360044 -71.10227
42.363115 -71.085936
42.362616 -71.083419
42.363364 -71.09685
42.362791 -71.087335
42.364223 -71.102327
42.365369 -71.104963
42.362168 -71.085941
42.363258 -71.092985
42.362433 -71.083247
42.366125 -71.105376
42.365736 -71.10473
42.363816 -71.101752
42.362187 -71.085306
42.365762 -71.104631
42.362444 -71.098375
42.364871 -71.082642
42.363103 -71.092724
42.366856 -71.097714
42.364369 -71.102399
42.364833 -71.103121
42.363119 -71.09342
42.366188 -71.103122
42.364359 -71.101274
42.366109 -71.105214
42.361837 -71.086314
42.358856 -71.094952
42.363334 -71.100712
42.36212 -71.08553
42.366173 -71.105508
42.365925 -71.103983
42.36111 -71.086204
42.363897 -71.088061
42.359024 -71.09467
42.366819 -71.082699
42.361498 -71.102248
42.365615 -71.104386
42.366464 -71.105138
42.363796 -71.101709
42.362136 -71.08508
42.364746 -71.103042
42.358984 -71.094838
42.364695 -71.083087
42.36106 -71.101295
42.362161 -71.084819
42.364235 -71.101401
42.366181 -71.092517
42.361012 -71.101236
42.3661 -71.090807
42.360657 -71.099742
42.361752 -71.097974
42.364895 -71.10324
42.363782 -71.096801
42.363295 -71.090734
42.358981 -71.094835
42.364993 -71.10609
42.365172 -71.102766
42.365046 -71.102415
42.362773 -71.1013
42.368839 -71.095067
42.368387 -71.101434
42.364886 -71.103458
42.368696 -71.090158
42.366348 -71.104967
42.357927 -71.102756
42.364108 -71.08571
42.36698 -71.088699
42.358837 -71.096198
42.365975 -71.10499
42.364773 -71.102177
42.364844 -71.103299
42.362654 -71.08728
42.362916 -71.097544
42.3666 -71.105065
42.36692 -71.098083
42.364952 -71.103298
42.362693 -71.104967
42.365896 -71.104816
42.365115 -71.102697
42.364955 -71.103867
42.366336 -71.092985
42.366232 -71.092452
42.367761 -71.083549
42.363369 -71.096845
42.365336 -71.104973
42.365369 -71.10331
42.362619 -71.089207
42.362848 -71.083506
42.368977 -71.082388
42.362169 -71.085061
42.365928 -71.103975
42.367792 -71.097562
42.365711 -71.104689
42.36637 -71.094076
33.771692 -84.389334
33.78045 -84.387681
33.776516 -84.388534
33.781862 -84.404893
33.778738 -84.385837
33.777096 -84.386051
33.777158 -84.3891
33.780338 -84.388669
33.775236 -84.385239
33.78011 -84.387564
33.78448 -84.386081
33.780838 -84.387961
33.773727 -84.389482
33.777362 -84.390098
33.781743 -84.399306
33.781871 -84.405111
33.776592 -84.388214
33.782099 -84.404348
33.772803 -84.3866
33.783431 -84.387493
33.776679 -84.389418
33.78011 -84.387566
33.771157 -84.389079
33.773283 -84.404126
33.776564 -84.390088
33.771611 -84.385638
33.778309 -84.385406
33.776513 -84.387964
33.774785 -84.40671
33.780038 -84.387609
33.778328 -84.38786
33.781881 -84.404728
33.781175 -84.388912
33.7771 -84.38993
33.781677 -84.40455
33.771441 -84.388691
33.781282 -84.389977
33.781815 -84.40499
33.782751 -84.38985
33.775535 -84.3866
33.780072 -84.387487
33.778406 -84.387769
33.776645 -84.388377
33.774257 -84.386946
33.773073 -84.40334
33.772594 -84.402523
33.771694 -84.400341
33.776623 -84.389548
33.777097 -84.389828
33.783075 -84.387413
33.774706 -84.396353
33.780957 -84.387299
33.778349 -84.387463
33.772789 -84.38667
33.772574 -84.40301
33.777186 -84.389107
33.770883 -84.406379
33.772764 -84.386634
33.78136 -84.389255
33.773186 -84.403821
33.781858 -84.40514
33.773746 -84.39863
33.784651 -84.405589
33.769674 -84.405381
33.782419 -84.385211
33.781847 -84.405094
33.771106 -84.387554
33.771552 -84.385591
33.770771 -84.38776
33.768557 -84.386425
33.784709 -84.389736
33.777673 -84.388062
33.77161 -84.386432
33.773922 -84.398595
33.773651 -84.398195
33.768781 -84.399772
33.782616 -84.387622
33.773808 -84.406459
33.777121 -84.39009
33.777193 -84.390017
33.771259 -84.397294
33.777456 -84.389644
33.772433 -84.403789
33.777168 -84.389833
33.777502 -84.389444
33.784781 -84.389588
33.780209 -84.387456
33.777442 -84.397267
33.773678 -84.387645
33.776604 -84.38938
33.781104 -84.385697
33.775799 -84.387183
33.772724 -84.386699
33.784767 -84.389309
33.77357 -84.405001
33.770717 -84.386081
33.771625 -84.385806
33.770826 -84.386089
33.767241 -84.398067
33.768409 -84.386209
33.769091 -84.385505
33.769183 -84.398769
33.78173 -84.387101
33.783225 -84.389118
33.777497 -84.389445
33.778925 -84.387003
33.776547 -84.387091
33.781453 -84.40548
33.769765 -84.399074
33.774231 -84.387293
33.771357 -84.397479
33.781786 -84.405115
33.772791 -84.386642
33.777002 -84.387012
33.77728 -84.386463
33.769655 -84.405628
33.784065 -84.389588
33.783494 -84.397039
33.77484 -84.4029
33.782224 -84.404723
33.770897 -84.406377
33.784285 -84.387892
33.771983 -84.386362
33.769802 -84.405008
33.767532 -84.386205
33.781496 -84.405461
33.781814 -84.405179
33.773938 -84.398801
33.774117 -84.398816
33.770647 -84.389426
33.773064 -84.387356
33.773235 -84.404017
33.7805 -84.385228
33.777922 -84.38731
33.778951 -84.385321
33.781559 -84.405045
33.767634 -84.398168
33.78449 -84.38526
33.7723 -84.404232
33.779099 -84.388311
33.784134 -84.389553
33.779854 -84.387273
33.774138 -84.404699
33.777132 -84.389158
33.772978 -84.387212
33.774756 -84.405536
33.778372 -84.38678
33.772082 -84.403879
33.781826 -84.405116
33.779442 -84.385916
33.781546 -84.38766
33.784223 -84.405538
33.772488 -84.389094
33.770294 -84.388196
33.779101 -84.388236
33.767835 -84.399816
33.77153 -84.385897
33.784569 -84.388198
33.779326 -84.405441
33.773798 -84.405882
33.773822 -84.398746
33.77283 -84.386527
33.7778 -84.388053
33.769248 -84.388062
33.781716 -84.387252
33.771813 -84.386723
33.778335 -84.387805
33.781882 -84.405219
33.769204 -84.388116
33.784687 -84.388246
33.776646 -84.389255
33.78189 -84.405148
33.776629 -84.389289
33.774297 -84.406317
33.773302 -84.392863
33.769606 -84.405073
33.774559 -84.406384
33.769204 -84.388159
33.770307 -84.388277
33.770209 -84.388231
33.784102 -84.388245
42.446734 -76.484649
42.446491 -76.482226
42.453351 -76.481126
42.44735 -76.47106
42.447806 -76.479377
42.453521 -76.476077
42.44834 -76.483324
42.445925 -76.482777
42.445813 -76.485406
42.447658 -76.474456
42.455421 -76.464842
42.457017 -76.468413
42.44808 -76.484586
42.450099 -76.481422
42.446891 -76.477723
42.445786 -76.483283
42.446717 -76.485636
42.448254 -76.479295
42.450813 -76.484014
42.450062 -76.479227
42.448423 -76.481028
42.448933 -76.483582
42.448774 -76.476399
42.446685 -76.484204
42.447215 -76.482145
30.277749 -97.73632
30.283178 -97.729866
30.279928 -97.726201
30.291218 -97.741537
30.282515 -97.744051
30.278948 -97.742415
30.286078 -97.74204
30.288142 -97.741862
30.293131 -97.741357
30.287217 -97.741941
30.276959 -97.741962
30.278091 -97.744386
30.28197 -97.740174
30.287959 -97.74264
30.285459 -97.742166
30.293646 -97.741713
30.289669 -97.741652
30.291604 -97.735006
30.281331 -97.742235
30.280829 -97.724851
30.282138 -97.744008
30.282723 -97.741906
30.282443 -97.742923
30.281898 -97.744108
30.282155 -97.742452
30.287861 -97.741941
30.292692 -97.741655
30.292036 -97.734339
30.293446 -97.742133
30.281288 -97.741414
30.285654 -97.741983
30.282484 -97.742298
30.27972 -97.741403
30.291076 -97.726667
30.278052 -97.744468
30.288212 -97.742867
30.282551 -97.742344
30.285506 -97.742213
30.283362 -97.741308
30.282384 -97.743434
30.286842 -97.741952
30.279216 -97.741621
30.287557 -97.742076
30.281853 -97.743567
30.278519 -97.744084
30.278933 -97.741701
30.288272 -97.742359
30.282578 -97.743977
30.28886 -97.72914
30.287026 -97.741916
30.287879 -97.74212
30.289527 -97.741601
30.29142 -97.734731
30.287514 -97.741978
30.282817 -97.737107
30.28801 -97.741761
30.278867 -97.741748
30.280888 -97.74402
30.287756 -97.744492
30.291033 -97.741549
30.27984 -97.742046
30.291543 -97.734942
30.282286 -97.742436
30.287607 -97.742541
30.281967 -97.740696
30.287595 -97.742245
30.287272 -97.725037
30.283442 -97.741613
30.283342 -97.741284
30.281214 -97.740793
30.281259 -97.742048
30.289795 -97.741591
30.277387 -97.742489
30.280766 -97.743338
30.276644 -97.740375
30.283537 -97.74155
30.283621 -97.741262
30.283947 -97.73346
30.286602 -97.741987
30.287439 -97.741913
30.286855 -97.741979
30.287333 -97.74181
30.278545 -97.743687
30.287955 -97.742639
30.280034 -97.73887
30.279994 -97.741296
30.29141 -97.726952
30.283501 -97.741614
30.291849 -97.735308
30.284338 -97.734521
30.281428 -97.744359
30.290701 -97.741727
30.289742 -97.728442
30.286591 -97.741276
30.287864 -97.741764
30.278985 -97.742127
30.278864 -97.74338
30.285195 -97.7421
30.289727 -97.741578
30.279793 -97.741907
30.288149 -97.742588
30.285761 -97.729196
30.28433 -97.742194
30.278985 -97.741703
30.283414 -97.741543
30.287363 -97.741908
30.291529 -97.741392
30.290976 -97.741572
30.28489 -97.736014
30.287847 -97.727454
30.280616 -97.740328
30.279039 -97.738004
30.286331 -97.741217
30.282826 -97.736895
30.287979 -97.742638
30.284052 -97.736523
30.290024 -97.74158
30.279714 -97.741779
30.282812 -97.741761
30.288455 -97.741757
30.281213 -97.740792
30.284437 -97.732422
30.278277 -97.742738
30.292514 -97.741656
30.287679 -97.742773
30.29233 -97.743195
30.285762 -97.741991
30.283846 -97.731402
30.286749 -97.736322
30.283519 -97.741068
30.284994 -97.736107
30.284324 -97.742128
30.289869 -97.741601
30.281523 -97.72667
30.281905 -97.724994
30.282436 -97.742318
30.291437 -97.726459
30.289457 -97.741629
30.281866 -97.742866
30.282875 -97.742292
30.285723 -97.741987
30.291878 -97.741175
30.282304 -97.742266
30.282907 -97.734486
30.279203 -97.74263
30.291652 -97.734538
30.283441 -97.741342
30.277759 -97.743546
30.290072 -97.741777
30.278381 -97.743203
30.280936 -97.742021
30.284012 -97.742226
30.293545 -97.742966
30.285576 -97.742138
30.283806 -97.733548
30.284289 -97.742082
30.280107 -97.743335
30.276707 -97.729622
30.286238 -97.742509
30.292518 -97.741629
30.286291 -97.74031
30.279297 -97.742328
30.290416 -97.741391
30.282808 -97.736775
30.286317 -97.739374
30.282914 -97.724062
30.284098 -97.742161
30.284734 -97.736478
30.290684 -97.742026
30.289585 -97.729901
30.282955 -97.74219
30.280717 -97.741386
30.295235 -97.738007
30.282847 -97.742326
30.284715 -97.732422
30.282967 -97.742381
30.28837 -97.728639
30.281257 -97.738065
30.293521 -97.743035
30.284684 -97.732681
30.286757 -97.742013
30.279729 -97.741866
30.288162 -97.741958
30.282847 -97.741804
30.291777 -97.730363
30.283535 -97.741469
30.281353 -97.725382
30.279908 -97.743701
30.281523 -97.742484
30.28286 -97.741758
30.282221 -97.732516
30.27669 -97.732235
37.549289 -77.452276
37.550792 -77.451312
37.550296 -77.452504
37.550286 -77.45251
37.550526 -77.453333
37.550259 -77.452111
37.550178 -77.452399
37.550648 -77.452787
37.550593 -77.453699
37.550554 -77.45292
37.550134 -77.452217
37.549947 -77.451912
37.547659 -77.453362
37.550538 -77.452099
37.550791 -77.451313
37.550318 -77.45219
37.549458 -77.454488
37.550705 -77.453133
37.549788 -77.455103
37.547669 -77.452007
37.550685 -77.452334
37.550766 -77.453531
37.550411 -77.45191
37.548101 -77.452172
37.55011 -77.45151
37.550675 -77.452939
37.54948 -77.452253
37.550158 -77.451521
37.548561 -77.453299
37.548066 -77.452209
37.550656 -77.45194
37.550546 -77.451758
36.148702 -86.807402
36.146885 -86.79913
36.147653 -86.799071
36.146629 -86.799126
36.149858 -86.796344
36.148442 -86.798136
36.14827 -86.806367
36.147798 -86.807868
36.148878 -86.80541
36.149622 -86.798272
36.147038 -86.799423
36.146233 -86.799181
36.145694 -86.799392
36.145932 -86.809233
36.145957 -86.809274
36.148326 -86.806018
36.148303 -86.798309
36.146379 -86.808487
36.148764 -86.805639
36.146193 -86.809046
36.148405 -86.80612
36.149597 -86.796704
