38.69183113760243 -71.41820747401677
43.5244634686163 -75.56654657435821
42.268517868597556 -79.43746649844825
41.817356181030526 -77.11337324969435
42.16269065330315 -75.358338170951
42.56638676380225 -78.80356150658221
42.77664976288607 -77.75909113312113
42.644695121061766 -77.71578306804592
42.240701993054635 -76.09667638205462
42.94433048890748 -77.47801101474252
43.238353908597325 -78.84850971749769
42.23542064748734 -78.44198576208767
41.99372804885864 -77.58096841894688
43.50553511551737 -79.46113445224064
43.06133089986896 -75.35380145381966
42.777463835904996 -79.50019374173579
42.25844694937092 -75.28370096087312
42.83587815822608 -76.2754195171433
42.29503004140254 -79.58818436985302
41.96904115848338 -78.18816372524053
41.770353940908414 -79.80417552645689
43.02132801245156 -77.59637473522866
41.901981797392935 -79.37783515439534
41.78100188770342 -79.16917743631592
42.910940204850434 -78.73672633766428
43.420826181504154 -77.08409000524962
