42.14033 -78.19781
42.11299 -78.4722199
42.61173 -78.41817
42.64565 -77.45951
42.4634177 -77.8264095
42.00593 -78.35718
42.6066168 -77.9404155
42.66816 -78.1140999
43.1071787 -77.6974332
42.5512044 -78.5443035
42.6414168 -77.8256138
42.00613 -79.63631
42.08645 -78.35905
42.87493 -77.79489
42.5156 -77.92135
42.3036653 -78.1356749
42.07397 -79.46408
42.26404 -77.83823
42.4602236 -77.5224578
42.7777699 -78.05098
42.7698993 -78.4345785
42.5694213 -78.0804683
42.31871 -78.86004
42.65516 -77.94283
42.53783 -77.8101
42.17659 -78.27966
42.19582 -79.08954
42.91834 -78.2159
42.1028947 -78.4999034
42.47013 -78.19819
42.869121 -77.4784007
42.088873 -77.8786751
42.03923 -77.9406
42.2488699 -77.72809
42.53756 -77.62475
42.2482484 -78.7862281
42.351781 -77.5773195
42.30131 -78.63232
46.91049 -67.82558
42.81297 -78.05764
42.16527 -78.15013
42.00002 -78.26663
42.56416 -78.7176999
42.61961 -78.23735
42.2416399 -77.491
42.05116 -77.37493
42.5086 -77.58398
42.4881699 -78.8842
42.94619 -77.92109
42.4413247 -78.3315882
43.12657 -77.7809
42.18287 -79.33398
42.8845863 -77.80199
42.3684851 -77.5569694
42.5259797 -77.9388681
