40.754932 -73.984016
42.446734 -76.484649
42.446491 -76.482226
42.453351 -76.481126
42.44735 -76.47106
42.447806 -76.479377
42.453521 -76.476077
42.44834 -76.483324
42.445925 -76.482777
42.445813 -76.485406
42.447658 -76.474456
42.455421 -76.464842
42.457017 -76.468413
42.44808 -76.484586
42.450099 -76.481422
42.446891 -76.477723
42.445786 -76.483283
42.446717 -76.485636
42.448254 -76.479295
42.450813 -76.484014
42.450062 -76.479227
42.448423 -76.481028
42.448933 -76.483582
42.448774 -76.476399
42.446685 -76.484204
42.447215 -76.482145
