36.72087 -82.98347
36.67064 -77.34222
38.6375872 -77.5475179
38.77035 -77.9154
37.8259872 -77.2222456
38.3591741 -77.5642902
37.58164 -77.53935
37.8418643 -79.3733587
38.7733208 -78.6791771
38.175891 -77.2383886
37.31418 -80.20179
38.01023 -77.19052
37.27015 -79.86236
37.13692 -80.4800099
37.61033 -77.50793
38.09711 -77.75464
38.2634031 -78.0350686
38.5870015 -78.5796659
36.92156 -79.83946
37.5766373 -77.9930349
36.72932 -76.85435
38.0113454 -77.9074649
36.7571253 -78.7895459
36.5941956 -77.2414653
37.64884 -79.94666
37.3606945 -77.5182364
37.2230483 -80.0691535
37.7030747 -77.0465886
37.9612002 -78.3548
37.2080066 -77.1909712
37.0864345 -80.1464929
38.8374 -77.46093
37.0916329 -82.106031
37.03266 -77.08819
37.143243 -82.3893133
37.1655242 -79.8745065
37.40433 -78.96344
39.0486794 -78.2629856
36.96945 -79.23531
38.3682548 -77.762634
38.43892 -78.01406
36.85561 -80.54807
37.20926 -79.38418
37.59291 -77.5939099
37.5863615 -76.9529681
37.0793799 -77.1547661
37.0439437 -77.1323679
38.11359 -78.11544
37.16639 -79.23168
37.2635585 -80.4447936
38.3021699 -79.08629
38.09228 -77.80864
37.6847862 -77.6241677
36.6810013 -81.3348491
36.60568 -77.14524
38.28371 -79.23721
39.22533 -77.73579
37.322618 -77.9273844
37.04574 -77.4419999
36.5504903 -77.0061707
38.6944862 -78.6495043
38.07474 -78.91959
36.75089 -76.69727
36.81761 -76.68777
38.19966 -79.04321
38.20302 -78.6548399
37.45785 -76.67089
38.91612 -78.24418
36.9292999 -77.0355168
37.2245463 -78.2463298
38.2766342 -77.2743552
38.10836 -78.0145299
39.08916 -77.79588
38.79251 -77.76837
39.05455 -78.0174399
36.8392661 -78.5240195
37.2294327 -79.0037305
37.92549 -78.40396
36.8107899 -81.5750029
37.97766 -78.41302
36.57755 -79.39484
37.97101 -78.34591
37.1469332 -80.5449817
37.3156783 -77.2750338
37.07321 -79.50397
38.5253167 -78.8750711
36.7420199 -81.6568999
38.7126499 -77.79387
36.9436738 -79.0844056
38.16955 -79.17129
36.65894 -79.47587
36.96188 -76.5477499
39.20338 -78.29454
37.62467 -76.97656
38.7685036 -77.316151
38.11361 -79.09927
36.9661451 -82.6246944
36.9390141 -81.1975661
38.0912414 -77.4170774
38.18171 -77.81238
36.579327 -77.9911302
37.1406589 -82.0120534
37.35918 -77.39453
38.53127 -78.19275
37.8402535 -77.6582241
37.35355 -78.65636
37.13582 -76.53835
37.54781 -77.24652
37.4028084 -77.5836573
36.6259 -76.8436
37.49597 -77.50483
36.6885109 -82.9440549
37.32663 -77.19933
38.34248 -77.05117
37.8260723 -76.686088
36.66201 -81.65174
36.5936263 -77.0328982
36.7561298 -78.8006509
36.6726628 -77.7204703
38.05326 -79.7837799
37.7500701 -78.3436976
36.55997 -79.49081
36.7580936 -78.0716119
37.14824 -77.81678
38.37292 -77.50764
36.7025469 -80.2688401
36.6183821 -82.0825171
37.0551699 -77.71432
36.7498 -81.5390199
38.85992 -78.3433699
39.18309 -78.24818
36.86486 -80.1884
37.25667 -79.03352
38.2498 -77.51445
37.2436099 -79.81788
38.00206 -78.3854099
38.2382414 -77.9473607
39.0865329 -77.4759399
37.3289199 -79.90154
38.1578297 -76.9998659
36.95441 -82.82281
36.96201 -82.51742
37.8041399 -77.59142
38.51921 -78.76358
37.34599 -80.12863
38.4945 -78.85086
37.99269 -79.2642
37.4659965 -77.6770127
36.85468 -80.5143
37.60194 -77.6050099
37.27828 -80.6889
38.2817053 -77.3752363
37.08782 -79.20795
38.11386 -78.89275
37.9939152 -76.4796466
36.755 -81.06898
38.9531483 -77.6759365
37.8611704 -78.8339496
36.549726 -80.2578628
36.9698093 -77.9029649
38.8487099 -77.74206
37.0626026 -76.488996
37.2264399 -79.14005
37.88617 -77.70623
38.58995 -78.51392
37.7558 -79.80873
38.82419 -78.69426
37.793375 -77.7520751
38.19696 -77.99316
38.84273 -78.3603399
37.4122 -78.92113
38.68697 -77.23693
37.4940118 -76.4818566
36.8043748 -76.7745586
37.4402761 -76.634743
37.70595 -77.74054
36.6655478 -77.2236488
36.53122 -87.35992
36.95502 -77.53742
36.5513929 -76.9599299
38.8775101 -78.0323501
37.1233 -80.47528
37.3426219 -77.8793343
37.3916973 -78.3218911
34.74037 -88.9351806
37.2354874 -82.1849269
37.2636783 -79.7793377
38.9617999 -77.29852
38.14491 -76.70818
37.1260852 -81.5209163
37.64663 -76.49874
36.91224 -76.56672
36.6163989 -78.1169955
38.66354 -77.95764
38.7581 -77.59444
37.3275083 -78.3354948
36.5955921 -77.5932004
37.2881429 -80.1491826
38.43157 -77.54009
36.61577 -77.02462
37.3546 -76.71652
36.6518317 -80.6349933
38.96403 -77.25312
37.29651 -76.96553
37.9580399 -77.63709
37.0587442 -79.8576446
38.37296 -78.10343
38.1524866 -77.4297485
37.879304 -79.1451355
38.2646009 -77.1786853
38.1734743 -77.0836256
37.84277 -77.46317
37.13685 -77.46988
38.88314 -77.08451
36.97451 -79.91137
38.6385619 -77.2431328
37.1900982 -77.5188767
36.61764 -81.14513
38.29545 -78.90397
36.67356 -76.7891
36.79871 -81.1753899
36.6963081 -78.06828
38.9689301 -77.9675415
36.6981967 -81.0500549
39.02175 -77.33086
